0.061960 
0.473478 
0.854037 
0.539955 
0.040645 
0.257899 
0.919847 
0.848882 
0.287063 
0.140344 
0.915680 
0.304972 
0.426119 
0.203863 
0.309134 
0.595782 
0.700870 
0.116329 
0.060205 
0.710067 
0.572613 
0.554125 
0.439125 
0.647614 
0.134769 
0.377039 
0.809240 
0.989195 
0.715573 
0.010693 
0.492651 
0.013911 
0.287799 
0.525071 
0.720108 
0.349067 
0.078093 
0.711160 
0.581686 
0.716822 
0.074213 
0.052481 
0.841076 
0.202203 
0.965344 
0.864240 
0.453846 
0.608670 
0.418857 
0.030056 
0.638828 
0.890288 
0.496260 
0.704707 
0.391820 
0.353637 
0.441777 
0.071070 
0.402080 
0.307973 
0.038904 
0.740376 
0.434638 
0.108726 
0.223440 
0.667170 
0.375228 
0.087288 
0.665914 
0.513805 
0.299685 
0.689157 
0.592005 
0.244049 
0.125952 
0.252813 
0.196436 
0.351354 
0.634363 
0.253362 
0.624022 
0.534559 
0.900669 
0.507779 
0.640944 
0.822273 
0.476315 
0.792723 
0.799981 
0.116931 
0.971749 
0.561234 
0.115372 
0.880460 
0.051109 
0.961213 
0.006114 
0.215747 
0.230394 
0.156455 
0.540939 
0.911563 
0.286290 
0.030105 
0.823856 
0.113326 
0.529093 
0.710738 
0.696091 
0.158066 
0.670714 
0.002895 
0.798369 
0.769177 
0.527556 
0.726738 
0.436964 
0.245022 
0.338057 
0.175594 
0.627538 
0.495179 
0.046031 
0.385512 
0.152765 
0.779094 
0.503418 
0.677558 
0.462847 
0.784142 
0.179914 
0.981418 
0.772489 
0.243552 
0.631912 
0.777997 
0.763532 
0.639407 
0.679556 
0.109027 
0.889369 
0.661885 
0.968169 
0.993331 
0.395435 
0.003136 
0.349177 
0.762209 
0.819473 
0.752686 
0.305634 
0.280542 
0.915942 
0.130954 
0.468783 
0.755542 
0.660845 
0.548470 
0.124587 
0.851682 
0.236430 
0.010601 
0.493008 
0.128205 
0.669607 
0.701065 
0.477778 
0.394689 
0.103624 
0.172239 
0.530775 
0.440514 
0.519419 
0.946256 
0.252588 
0.735678 
0.091265 
0.488087 
0.359684 
0.123246 
0.260710 
0.450318 
0.688624 
0.227843 
0.043501 
0.809021 
0.979038 
0.289920 
0.046079 
0.011109 
0.279654 
0.402155 
0.161404 
0.535815 
0.955411 
0.672187 
0.938282 
0.336361 
0.438781 
0.664980 
0.174026 
0.472662 
0.064660 
0.588477 
0.367204 
0.871850 
0.555773 
0.077798 
0.285387 
0.560646 
0.984295 
0.106077 
0.052219 
0.902082 
0.325448 
0.504171 
0.838813 
0.338804 
0.040109 
0.806773 
0.456358 
0.896154 
0.476023 
0.659113 
0.890030 
0.230459 
0.260972 
0.816240 
0.088675 
0.321454 
0.276332 
0.846021 
0.130411 
0.002447 
0.245698 
0.007305 
0.221229 
0.397853 
0.450821 
0.416325 
0.851789 
0.994932 
0.595892 
0.537268 
0.837084 
0.515039 
0.381222 
0.237010 
0.894245 
0.969432 
0.918686 
0.129418 
0.875731 
0.285655 
0.723821 
0.701167 
0.768269 
0.672732 
0.653258 
0.758911 
0.092344 
0.456903 
0.821215 
0.066735 
0.392707 
0.464336 
0.225057 
0.653159 
0.097265 
0.153254 
0.537475 
0.158580 
0.139898 
0.605109 
0.281626 
0.766887 
0.392147 
0.172940 
0.395608 
0.719072 
0.129406 
0.054770 
0.013939 
0.142027 
0.469128 
0.310862 
0.146245 
0.942322 
0.961755 
0.875896 
0.817154 
0.812582 
0.289475 
0.930598 
0.146434 
0.977226 
0.333574 
0.592081 
0.794687 
0.164639 
0.708083 
0.258135 
0.177474 
0.434480 
0.225553 
0.097920 
0.859516 
0.911671 
0.660243 
0.120014 
0.580666 
0.182708 
0.604627 
0.968465 
0.436621 
0.095294 
0.177086 
0.098513 
0.839914 
0.968888 
0.831778 
0.265813 
0.020465 
0.771633 
0.546106 
0.326552 
0.990066 
0.648197 
0.216882 
0.190483 
0.091420 
0.293448 
0.183170 
0.394960 
0.479907 
0.058456 
0.411985 
0.175233 
0.145054 
0.348184 
0.032420 
0.094755 
0.368703 
0.824324 
0.584434 
0.268982 
0.838170 
0.162095 
0.560478 
0.967118 
0.985224 
0.626396 
0.561253 
0.908487 
0.505517 
0.530605 
0.661354 
0.883690 
0.428114 
0.720359 
0.386185 
0.425429 
0.551073 
0.585053 
0.038464 
0.129861 
0.536562 
0.741367 
0.980791 
0.886571 
0.467802 
0.455986 
0.880168 
0.713714 
0.210131 
0.078795 
0.851029 
0.114642 
0.489807 
0.243156 
0.895237 
0.873257 
0.206695 
0.356512 
0.030702 
0.987600 
0.130761 
0.952368 
0.024640 
0.004634 
0.797358 
0.803851 
0.703198 
0.363934 
0.112548 
0.309353 
0.396076 
0.483935 
0.907280 
0.552413 
0.192910 
0.231660 
0.437998 
0.610797 
0.337648 
0.105285 
0.621310 
0.143874 
0.267761 
0.928663 
0.611641 
0.022713 
0.517085 
0.107862 
0.183325 
0.783947 
0.944229 
0.532053 
0.262372 
0.986282 
0.522917 
0.014499 
0.868203 
0.127650 
0.236277 
0.764180 
0.671936 
0.641339 
0.454019 
0.754524 
0.355306 
0.631048 
0.539603 
0.012962 
0.963154 
0.427658 
0.333913 
0.793498 
0.482405 
0.754616 
0.592609 
0.314198 
0.951771 
0.274181 
0.416256 
0.242510 
0.508944 
0.553378 
0.205494 
0.393507 
0.915849 
0.036360 
0.697898 
0.169676 
0.267538 
0.438987 
0.198890 
0.115553 
0.786617 
0.091763 
0.205933 
0.586509 
0.832638 
0.148898 
0.243427 
0.938219 
0.514661 
0.254097 
0.875140 
0.831803 
0.585239 
0.207782 
0.541652 
0.219377 
0.615382 
0.415812 
0.082229 
0.325708 
0.802558 
0.416355 
0.543695 
0.473916 
0.147623 
0.579436 
0.153280 
0.916623 
0.151580 
0.152760 
0.138099 
0.928682 
0.629362 
0.187796 
0.410813 
0.293598 
0.715383 
0.521669 
0.009213 
0.972986 
0.644386 
0.913292 
0.576854 
0.186865 
0.431139 
0.636260 
0.102551 
0.352340 
0.143855 
0.316365 
0.598445 
0.329187 
0.068709 
0.568223 
0.389538 
0.203073 
0.696652 
0.033325 
0.211972 
0.400656 
0.128730 
0.750949 
0.373032 
0.275481 
0.192432 
0.403699 
0.812733 
0.429616 
0.289104 
0.871067 
0.025038 
0.943175 
0.751278 
0.697238 
0.446153 
0.372347 
0.278791 
0.533475 
0.098022 
0.846283 
0.843861 
0.350765 
0.987044 
0.844187 
0.307822 
0.235026 
0.001220 
0.266144 
0.876025 
0.874990 
0.823320 
0.224735 
0.432424 
0.432028 
0.683362 
0.579184 
0.741686 
0.341479 
0.610576 
0.609792 
0.484175 
0.736709 
0.213210 
0.387594 
0.097968 
0.609908 
0.913939 
0.332703 
0.442093 
0.527805 
0.999315 
0.174490 
0.366467 
0.705772 
0.803584 
0.027749 
0.376557 
0.510430 
0.840400 
0.581211 
0.714563 
0.008706 
0.720335 
0.458255 
0.343981 
0.010382 
0.247784 
0.654390 
0.520675 
0.161562 
0.177759 
0.582050 
0.861131 
0.038036 
0.731237 
0.660480 
0.077369 
0.860416 
0.117141 
0.576966 
0.838002 
0.406994 
0.989688 
0.315380 
0.536237 
0.935640 
0.981770 
0.799003 
0.098162 
0.442634 
0.198180 
0.526806 
0.348424 
0.384219 
0.826921 
0.895834 
0.865462 
0.065719 
0.832490 
0.997093 
0.704748 
0.263450 
0.031957 
0.548297 
0.846019 
0.286232 
0.722807 
0.284048 
0.729281 
0.606185 
0.430941 
0.562538 
0.784390 
0.392569 
0.277886 
0.167537 
0.430330 
0.767785 
0.928181 
0.285456 
0.622823 
0.371281 
0.071079 
0.419456 
0.662699 
0.864919 
0.915098 
0.566104 
0.642513 
0.342486 
0.229647 
0.324732 
0.605153 
0.216387 
0.054834 
0.735712 
0.215753 
0.046130 
0.318763 
0.551021 
0.506989 
0.946110 
0.251005 
0.328977 
0.047894 
0.664249 
0.661617 
0.214759 
0.707608 
0.158448 
0.866998 
0.519280 
0.038015 
0.514378 
0.287010 
0.241218 
0.183017 
0.345995 
0.512231 
0.490497 
0.137222 
0.399280 
0.945871 
0.366219 
0.123139 
0.940025 
0.961768 
0.218037 
0.833460 
0.648136 
0.888083 
0.377173 
0.293865 
0.163719 
0.025704 
0.381787 
0.141766 
0.134363 
0.341027 
0.441089 
0.187731 
0.598357 
0.434726 
0.383607 
0.228858 
0.805203 
0.881256 
0.617219 
0.217145 
0.122607 
0.058257 
0.692037 
0.050971 
0.508264 
0.140709 
0.901988 
0.454055 
0.135087 
0.021575 
0.986862 
0.633836 
0.150135 
0.538852 
0.403869 
0.669973 
0.220341 
0.538344 
0.826208 
0.873727 
0.472262 
0.982177 
0.495856 
0.680264 
0.668394 
0.524926 
0.808812 
0.988462 
0.979227 
0.722449 
0.043195 
0.246593 
0.508043 
0.312907 
0.454127 
0.997282 
0.804582 
0.815107 
0.054027 
0.041453 
0.964030 
0.026240 
0.272919 
0.858495 
0.549406 
0.869240 
0.350603 
0.428667 
0.498266 
0.439394 
0.751004 
0.143817 
0.378736 
0.030524 
0.108718 
0.063773 
0.845259 
0.382936 
0.218803 
0.378284 
0.911021 
0.388544 
0.363031 
0.568210 
0.701888 
0.012941 
0.829340 
0.424675 
0.685771 
0.249896 
0.825921 
0.781193 
0.981709 
0.510640 
0.117366 
0.541324 
0.244543 
0.968481 
0.617536 
0.343193 
0.793914 
0.028707 
0.862253 
0.992247 
0.110424 
0.274389 
0.754697 
0.614932 
0.557129 
0.950603 
0.227313 
0.338476 
0.201174 
0.292796 
0.496300 
0.185790 
0.908186 
0.779366 
0.398205 
0.789516 
0.461177 
0.694262 
0.892887 
0.475537 
0.316044 
0.222271 
0.193082 
0.243830 
0.747359 
0.667846 
0.138035 
0.183293 
0.560995 
0.287753 
0.367135 
0.897252 
0.254230 
0.658441 
0.569218 
0.587622 
0.489330 
0.461007 
0.584186 
0.548238 
0.013206 
0.059738 
0.415800 
0.951672 
0.703605 
0.274668 
0.277999 
0.978869 
0.251367 
0.304225 
0.641820 
0.537259 
0.098680 
0.840976 
0.875950 
0.040494 
0.644809 
0.041624 
0.481215 
0.981803 
0.403675 
0.161839 
0.107720 
0.322938 
0.751739 
0.347170 
0.513150 
0.042031 
0.139994 
0.283185 
0.371668 
0.536172 
0.160482 
0.151155 
0.375095 
0.958341 
0.655598 
0.610035 
0.381536 
0.983350 
0.137545 
0.331115 
0.461324 
0.943739 
0.145655 
0.948673 
0.566151 
0.754124 
0.810897 
0.158092 
0.204475 
0.551258 
0.819738 
0.092342 
0.944762 
0.517141 
0.173627 
0.038367 
0.787846 
0.923761 
0.625729 
0.016864 
0.450695 
0.040629 
0.443127 
0.742065 
0.386055 
0.180032 
0.190574 
0.002587 
0.925954 
0.819974 
0.560964 
0.560048 
0.281756 
0.441072 
0.888060 
0.249075 
0.259447 
0.441203 
0.868596 
0.080499 
0.456039 
0.250492 
0.193754 
0.798931 
0.391481 
0.559271 
0.244078 
0.526594 
0.500177 
0.392921 
0.737277 
0.837180 
0.157182 
0.620062 
0.234937 
0.846689 
0.946391 
0.364326 
0.712053 
0.682601 
0.191504 
0.705009 
0.972343 
0.998406 
0.365266 
0.998161 
0.552705 
0.037426 
0.368479 
0.127243 
0.901757 
0.118036 
0.827492 
0.001237 
0.040239 
0.311797 
0.497358 
0.658167 
0.615199 
0.516667 
0.577578 
0.403237 
0.245183 
0.089411 
0.248313 
0.513379 
0.320299 
0.694434 
0.017200 
0.173760 
0.968839 
0.050737 
0.530343 
0.476830 
0.731278 
0.814308 
0.345831 
0.510827 
0.592787 
0.920218 
0.794048 
0.792136 
0.417026 
0.326819 
0.456324 
0.554731 
0.496821 
0.253875 
0.981922 
0.699951 
0.891429 
0.687131 
0.933081 
0.531148 
0.455458 
0.133700 
0.098831 
0.750296 
0.981097 
0.355867 
0.250497 
0.577420 
0.673176 
0.085263 
0.625319 
0.268767 
0.255657 
